     velsurf       thk_regu           glen
     86.4932        16.7276        -0.3530
     85.9392        16.5386        -0.3530
     85.5406        16.4068        -0.3530
     85.1931        16.2991        -0.3530
     84.8762        16.2043        -0.3530
     84.5769        16.1179        -0.3530
     84.2972        16.0370        -0.3530
     84.0255        15.9605        -0.3530
     83.7565        15.8876        -0.3530
     83.4874        15.8174        -0.3530
     83.2265        15.7491        -0.3530
     82.9672        15.6826        -0.3530
     82.7083        15.6177        -0.3530
     82.4498        15.5543        -0.3530
     82.1905        15.4917        -0.3530
     81.9269        15.4298        -0.3530
     81.6642        15.3690        -0.3530
     81.4014        15.3088        -0.3530
     81.1219        15.2488        -0.3530
     80.8558        15.1892        -0.3530
     80.5902        15.1302        -0.3530
     80.3212        15.0717        -0.3530
     80.0502        15.0134        -0.3530
     79.7732        14.9551        -0.3530
     79.4987        14.8971        -0.3530
     79.2184        14.8400        -0.3530
     78.9393        14.7828        -0.3530
     78.6514        14.7265        -0.3530
     78.3632        14.6692        -0.3530
     78.0708        14.6131        -0.3530
     77.7743        14.5570        -0.3530
     77.4745        14.5008        -0.3530
     77.1723        14.4447        -0.3530
     76.8762        14.3896        -0.3530
     76.5718        14.3339        -0.3530
     76.2721        14.2789        -0.3530
     75.9695        14.2238        -0.3530
     75.6711        14.1690        -0.3530
     75.3650        14.1144        -0.3530
     75.0689        14.0600        -0.3530
     74.7727        14.0050        -0.3530
     74.4839        13.9500        -0.3530
     74.2005        13.8944        -0.3530
     73.9184        13.8402        -0.3530
     73.6425        13.7859        -0.3530
     73.3706        13.7318        -0.3530
     73.0957        13.6786        -0.3530
     72.8264        13.6259        -0.3530
     72.5611        13.5727        -0.3530
     72.3008        13.5205        -0.3530
     72.0425        13.4684        -0.3530
     71.7817        13.4179        -0.3530
     71.5312        13.3672        -0.3530
     71.2873        13.3159        -0.3530
     71.0439        13.2661        -0.3530
     70.7986        13.2171        -0.3530
     70.5578        13.1688        -0.3530
     70.3213        13.1202        -0.3530
     70.0940        13.0718        -0.3530
     69.8672        13.0244        -0.3530
     69.6480        12.9774        -0.3530
     69.4334        12.9317        -0.3530
     69.2170        12.8866        -0.3530
     69.0073        12.8416        -0.3530
     68.7967        12.7974        -0.3530
     68.5913        12.7539        -0.3530
     68.3876        12.7121        -0.3530
     68.1897        12.6695        -0.3530
     67.9944        12.6285        -0.3530
     67.7973        12.5873        -0.3530
     67.6066        12.5485        -0.3530
     67.4185        12.5091        -0.3530
     67.2331        12.4708        -0.3530
     67.0515        12.4332        -0.3530
     66.8631        12.3949        -0.3530
     66.6867        12.3564        -0.3530
     66.5129        12.3197        -0.3530
     66.3410        12.2835        -0.3530
     66.1717        12.2476        -0.3530
     66.0012        12.2138        -0.3530
     65.8385        12.1786        -0.3530
     65.6737        12.1478        -0.3530
     65.5158        12.1124        -0.3530
     65.3550        12.0812        -0.3530
     65.2020        12.0459        -0.3530
     65.0484        12.0159        -0.3530
     64.8984        11.9815        -0.3530
     64.7468        11.9509        -0.3530
     64.5973        11.9189        -0.3530
     64.4494        11.8882        -0.3530
     64.3078        11.8582        -0.3530
     64.1712        11.8281        -0.3530
     64.0350        11.7974        -0.3530
     63.9047        11.7678        -0.3530
     63.7781        11.7381        -0.3530
     63.6549        11.7091        -0.3530
     63.5328        11.6787        -0.3530
     63.4156        11.6499        -0.3530
     63.3018        11.6184        -0.3530
     63.1906        11.5890        -0.1624
     57.2776        11.5604        -0.1624
     57.0555        11.5349        -0.1624
     56.8416        11.5181        -0.1624
     56.6388        11.5071        -0.1624
     56.4474        11.5000        -0.1624
     56.2667        11.4972        -0.1624
     56.0984        11.4958        -0.1624
     55.9428        11.4965        -0.1624
     55.7937        11.4979        -0.1624
     55.6575        11.4993        -0.1624
     55.5270        11.5019        -0.1624
     55.4027        11.5055        -0.1624
     55.2827        11.5104        -0.1624
     55.1680        11.5152        -0.1624
     55.0540        11.5204        -0.1624
     54.9436        11.5284        -0.1624
     54.8375        11.5358        -0.1624
     54.7351        11.5438        -0.1624
     54.6363        11.5520        -0.1624
     54.5396        11.5615        -0.1624
     54.4454        11.5713        -0.1624
     54.3543        11.5804        -0.1624
     54.2645        11.5903        -0.1624
     54.1790        11.5991        -0.1624
     54.0939        11.6086        -0.1624
     54.0109        11.6192        -0.1624
     53.9311        11.6276        -0.1624
     53.8507        11.6387        -0.1624
     53.7783        11.6452        -0.1624
     53.7031        11.6562        -0.1624
     53.6330        11.6625        -0.1624
     53.5624        11.6713        -0.1624
     53.4980        11.6761        -0.1624
     53.4317        11.6857        -0.1624
     53.3695        11.6912        -0.1624
     53.3076        11.6994        -0.1624
     53.2483        11.7054        -0.1624
     53.1903        11.7125        -0.1624
     53.1323        11.7173        -0.1624
     53.0812        11.7215        -0.1624
     53.0284        11.7260        -0.1624
     52.9754        11.7292        -0.1624
     52.9273        11.7331        -0.1624
     52.8793        11.7366        -0.1624
     52.8327        11.7378        -0.1624
     52.7829        11.7442        -0.1624
     52.7398        11.7445        -0.1624
     52.6931        11.7492        -0.1624
     52.6482        11.7519        -0.1624
     52.6041        11.7548        -0.1624
     52.5627        11.7570        -0.1624
     52.5202        11.7598        -0.1624
     52.4795        11.7630        -0.1624
     52.4361        11.7662        -0.1624
     52.3952        11.7700        -0.1624
     52.3554        11.7726        -0.1624
     52.3158        11.7758        -0.1624
     52.2775        11.7802        -0.1624
     52.2407        11.7819        -0.1624
     52.2006        11.7878        -0.1624
     52.1663        11.7890        -0.1624
     52.1269        11.7951        -0.1624
     52.0931        11.7965        -0.1624
     52.0554        11.8010        -0.1624
     52.0242        11.8017        -0.1624
     51.9889        11.8063        -0.1624
     51.9568        11.8071        -0.1624
     51.9199        11.8125        -0.1624
     51.8882        11.8126        -0.1624
     51.8539        11.8190        -0.1624
     51.8230        11.8195        -0.1624
     51.7854        11.8277        -0.1624
     51.7545        11.8304        -0.1624
     51.7207        11.8358        -0.1624
     51.6881        11.8395        -0.1624
     51.6546        11.8447        -0.1624
     51.6224        11.8484        -0.1624
     51.5888        11.8534        -0.1624
     51.5563        11.8575        -0.1624
     51.5242        11.8621        -0.1624
     51.4957        11.8639        -0.1624
     51.4664        11.8688        -0.1624
     51.4381        11.8704        -0.1624
     51.4082        11.8770        -0.1624
     51.3793        11.8803        -0.1624
     51.3515        11.8851        -0.1624
     51.3231        11.8888        -0.1624
     51.2925        11.8945        -0.1624
     51.2646        11.8981        -0.1624
     51.2379        11.9008        -0.1624
     51.2111        11.9051        -0.1624
     51.1871        11.9059        -0.1624
     51.1593        11.9123        -0.1624
     51.1344        11.9153        -0.1624
     51.1085        11.9197        -0.1624
     51.0827        11.9247        -0.1624
     51.0586        11.9287        -0.1624
     51.0329        11.9345        -0.1624
     51.0093        11.9374        -0.1624
     50.9847        11.9433        -0.1793
     39.0667        11.9450        -0.1793
     38.7906        11.9645        -0.1793
     38.5333        11.9971        -0.1793
     38.2987        12.0315        -0.1793
     38.0777        12.0737        -0.1793
     37.8840        12.1114        -0.1793
     37.7033        12.1516        -0.1793
     37.5394        12.1901        -0.1793
     37.3840        12.2311        -0.1793
     37.2441        12.2683        -0.1793
     37.1113        12.3044        -0.1793
     36.9968        12.3329        -0.1793
     36.8828        12.3677        -0.1793
     36.7951        12.3913        -0.1793
     36.7080        12.4243        -0.1793
     36.6404        12.4444        -0.1793
     36.5717        12.4714        -0.1793
     36.5131        12.4916        -0.1793
     36.4587        12.5107        -0.1793
     36.4043        12.5327        -0.1793
     36.3573        12.5489        -0.1793
     36.3102        12.5668        -0.1793
     36.2635        12.5862        -0.1793
     36.2255        12.5983        -0.1793
     36.1809        12.6168        -0.1793
     36.1455        12.6283        -0.1793
     36.1045        12.6467        -0.1793
     36.0707        12.6600        -0.1793
     36.0289        12.6800        -0.1793
     36.0008        12.6913        -0.1793
     35.9641        12.7090        -0.1793
     35.9377        12.7187        -0.1793
     35.9002        12.7380        -0.1793
     35.8761        12.7479        -0.1793
     35.8368        12.7698        -0.1793
     35.8157        12.7779        -0.1793
     35.7800        12.7962        -0.1793
     35.7609        12.8064        -0.1793
     35.7256        12.8242        -0.1793
     35.7085        12.8317        -0.1793
     35.6742        12.8522        -0.1793
     35.6569        12.8594        -0.1793
     35.6282        12.8773        -0.1793
     35.6083        12.8865        -0.1793
     35.5811        12.9035        -0.1793
     35.5624        12.9128        -0.1793
     35.5344        12.9299        -0.1793
     35.5159        12.9404        -0.1793
     35.4935        12.9540        -0.1793
     35.4743        12.9650        -0.1793
     35.4557        12.9747        -0.1793
     35.4412        12.9843        -0.1793
     35.4241        12.9931        -0.1793
     35.4126        12.9988        -0.1793
     35.3938        13.0110        -0.1793
     35.3852        13.0127        -0.1793
     35.3650        13.0262        -0.1793
     35.3595        13.0274        -0.1793
     35.3374        13.0421        -0.1793
     35.3343        13.0408        -0.1793
     35.3132        13.0548        -0.1793
     35.3086        13.0554        -0.1793
     35.2898        13.0709        -0.1793
     35.2810        13.0731        -0.1793
     35.2668        13.0858        -0.1793
     35.2633        13.0849        -0.1793
     35.2451        13.0981        -0.1793
     35.2444        13.0945        -0.1793
     35.2274        13.1097        -0.1793
     35.2239        13.1053        -0.1793
     35.2060        13.1208        -0.1793
     35.2046        13.1170        -0.1793
     35.1881        13.1292        -0.1793
     35.1892        13.1237        -0.1793
     35.1732        13.1355        -0.1793
     35.1723        13.1322        -0.1793
     35.1586        13.1402        -0.1793
     35.1575        13.1379        -0.1793
     35.1506        13.1389        -0.1793
     35.1463        13.1386        -0.1793
     35.1396        13.1408        -0.1793
     35.1386        13.1373        -0.1793
     35.1275        13.1423        -0.1793
     35.1284        13.1362        -0.1793
     35.1208        13.1390        -0.1793
     35.1140        13.1396        -0.1793
     35.1073        13.1408        -0.1793
     35.1049        13.1398        -0.1793
     35.0977        13.1428        -0.1793
     35.0919        13.1420        -0.1793
     35.0880        13.1430        -0.1793
     35.0809        13.1427        -0.1793
     35.0736        13.1442        -0.1793
     35.0687        13.1440        -0.1793
     35.0601        13.1465        -0.1793
     35.0574        13.1454        -0.1793
     35.0511        13.1474        -0.1793
     35.0481        13.1443        -0.1793
     35.0388        13.1492        -0.1793
     35.0376        13.1454        -0.1916
     49.1043        13.1483        -0.1916
     48.6083        13.1616        -0.1916
     48.1368        13.1938        -0.1916
     47.6937        13.2371        -0.1916
     47.2779        13.2894        -0.1916
     46.9047        13.3415        -0.1916
     46.5551        13.4011        -0.1916
     46.2390        13.4614        -0.1916
     45.9472        13.5214        -0.1916
     45.6786        13.5816        -0.1916
     45.4280        13.6462        -0.1916
     45.2085        13.7101        -0.1916
     45.0178        13.7757        -0.1916
     44.8432        13.8371        -0.1916
     44.6796        13.8986        -0.1916
     44.5296        13.9543        -0.1916
     44.3943        14.0124        -0.1916
     44.2763        14.0663        -0.1916
     44.1612        14.1219        -0.1916
     44.0548        14.1739        -0.1916
     43.9555        14.2263        -0.1916
     43.8664        14.2657        -0.1916
     43.7837        14.3107        -0.1916
     43.7035        14.3475        -0.1916
     43.6248        14.3907        -0.1916
     43.5558        14.4263        -0.1916
     43.4852        14.4630        -0.1916
     43.4235        14.4960        -0.1916
     43.3621        14.5301        -0.1916
     43.3089        14.5595        -0.1916
     43.2500        14.5939        -0.1916
     43.2046        14.6168        -0.1916
     43.1536        14.6469        -0.1916
     43.1177        14.6627        -0.1916
     43.0745        14.6865        -0.1916
     43.0331        14.7062        -0.1916
     42.9973        14.7289        -0.1916
     42.9623        14.7431        -0.1916
     42.9245        14.7671        -0.1916
     42.8946        14.7811        -0.1916
     42.8562        14.8052        -0.1916
     42.8274        14.8193        -0.1916
     42.7944        14.8371        -0.1916
     42.7702        14.8492        -0.1916
     42.7361        14.8682        -0.1916
     42.7157        14.8782        -0.1916
     42.6852        14.8946        -0.1916
     42.6656        14.9048        -0.1916
     42.6340        14.9210        -0.1916
     42.6092        14.9352        -0.1916
     42.5892        14.9466        -0.1916
     42.5667        14.9578        -0.1916
     42.5451        14.9695        -0.1916
     42.5245        14.9805        -0.1916
     42.5008        14.9953        -0.1916
     42.4822        15.0066        -0.1916
     42.4596        15.0201        -0.1916
     42.4427        15.0291        -0.1916
     42.4269        15.0427        -0.1916
     42.4041        15.0526        -0.1916
     42.3881        15.0673        -0.1916
     42.3685        15.0770        -0.1916
     42.3484        15.0914        -0.1916
     42.3329        15.0980        -0.1916
     42.3155        15.1112        -0.1916
     42.2993        15.1195        -0.1916
     42.2787        15.1337        -0.1916
     42.2665        15.1436        -0.1916
     42.2450        15.1552        -0.1916
     42.2346        15.1658        -0.1916
     42.2137        15.1773        -0.1916
     42.2127        15.1841        -0.1916
     42.1863        15.1967        -0.1916
     42.1824        15.2023        -0.1916
     42.1609        15.2142        -0.1916
     42.1511        15.2221        -0.1916
     42.1344        15.2324        -0.1916
     42.1260        15.2400        -0.1916
     42.1082        15.2512        -0.1916
     42.0992        15.2596        -0.1916
     42.0909        15.2642        -0.1916
     42.0887        15.2699        -0.1916
     42.0718        15.2781        -0.1916
     42.0693        15.2830        -0.1916
     42.0543        15.2899        -0.1916
     42.0478        15.2986        -0.1916
     42.0371        15.3031        -0.1916
     42.0334        15.3085        -0.1916
     42.0186        15.3165        -0.1916
     42.0128        15.3221        -0.1916
     42.0067        15.3274        -0.1916
     41.9972        15.3336        -0.1916
     41.9885        15.3400        -0.1916
     41.9759        15.3473        -0.1916
     41.9696        15.3538        -0.1916
     41.9586        15.3605        -0.1916
     41.9520        15.3660        -0.1916
     41.9420        15.3714        -0.1916
     41.9323        15.3789        -0.1916
     41.9267        15.3839        -0.3533
     69.4557        15.3916        -0.3533
     67.1429        15.2341        -0.3533
     64.9158        15.0982        -0.3533
     62.7716        14.9727        -0.3533
     60.7378        14.8585        -0.3533
     58.7959        14.7554        -0.3533
     56.9366        14.6603        -0.3533
     55.1564        14.5721        -0.3533
     53.4499        14.4880        -0.3533
     51.8137        14.4137        -0.3533
     50.2555        14.3383        -0.3533
     48.7491        14.2697        -0.3533
     47.3396        14.1956        -0.3533
     45.9934        14.1300        -0.3533
     44.7335        14.0622        -0.3533
     43.5561        13.9964        -0.3533
     42.4572        13.9303        -0.3533
     41.3932        13.8736        -0.3533
     40.3872        13.8146        -0.3533
     39.4413        13.7574        -0.3533
     38.5510        13.7027        -0.3533
     37.7222        13.6465        -0.3533
     36.9377        13.5875        -0.3533
     36.1910        13.5361        -0.3533
     35.5000        13.4794        -0.3533
     34.8719        13.4221        -0.3533
     34.2951        13.3635        -0.3533
     33.7915        13.3064        -0.3533
     33.3292        13.2564        -0.3533
     32.9187        13.2034        -0.3533
     32.5288        13.1541        -0.3533
     32.1730        13.1072        -0.3533
     31.8520        13.0588        -0.3533
     31.5559        13.0122        -0.3533
     31.2796        12.9630        -0.3533
     31.0141        12.9217        -0.3533
     30.7719        12.8718        -0.3533
     30.5451        12.8319        -0.3533
     30.3354        12.7843        -0.3533
     30.1377        12.7420        -0.3533
     29.9595        12.6969        -0.3533
     29.7941        12.6501        -0.3533
     29.6257        12.6131        -0.3533
     29.4736        12.5720        -0.3533
     29.3303        12.5348        -0.3533
     29.2098        12.4884        -0.3533
     29.0917        12.4484        -0.3533
     28.9869        12.4064        -0.3533
     28.8842        12.3710        -0.3533
     28.8022        12.3271        -0.3533
     28.7148        12.2927        -0.3533
     28.6382        12.2572        -0.3533
     28.5642        12.2209        -0.3533
     28.5032        12.1834        -0.3533
     28.4430        12.1516        -0.3533
     28.3943        12.1142        -0.3533
     28.3506        12.0816        -0.3533
     28.3081        12.0488        -0.3533
     28.2720        12.0146        -0.3533
     28.2413        11.9827        -0.3533
     28.2042        11.9557        -0.3533
     28.1785        11.9261        -0.3533
     28.1505        11.9000        -0.3533
     28.1312        11.8675        -0.3533
     28.1006        11.8483        -0.3533
     28.0863        11.8178        -0.3533
     28.0619        11.8001        -0.3533
     28.0515        11.7699        -0.3533
     28.0338        11.7526        -0.3533
     28.0301        11.7241        -0.3533
     28.0133        11.7090        -0.3533
     28.0133        11.6815        -0.3533
     28.0005        11.6671        -0.3533
     27.9968        11.6451        -0.3533
     27.9840        11.6305        -0.3533
     27.9834        11.6093        -0.3533
     27.9777        11.5945        -0.3533
     27.9744        11.5771        -0.3533
     27.9671        11.5643        -0.3533
     27.9606        11.5519        -0.3533
     27.9574        11.5397        -0.3533
     27.9488        11.5301        -0.3533
     27.9456        11.5170        -0.3533
     27.9328        11.5141        -0.3533
     27.9295        11.5020        -0.3533
     27.9159        11.5002        -0.3533
     27.9135        11.4894        -0.3533
     27.9005        11.4861        -0.3533
     27.9029        11.4735        -0.3533
     27.8886        11.4737        -0.3533
     27.8908        11.4599        -0.3533
     27.8785        11.4572        -0.3533
     27.8815        11.4451        -0.3533
     27.8659        11.4463        -0.3533
     27.8641        11.4359        -0.3533
     27.8508        11.4382        -0.3533
     27.8498        11.4261        -0.3533
     27.8382        11.4294        -0.3533
     27.8401        11.4159        -0.3533
     27.8317        11.4153        -0.0902
     77.7789        11.4064        -0.0902
     77.4722        11.3238        -0.0902
     77.1740        11.2695        -0.0902
     76.8895        11.2293        -0.0902
     76.6156        11.2020        -0.0902
     76.3549        11.1810        -0.0902
     76.1048        11.1711        -0.0902
     75.8690        11.1643        -0.0902
     75.6441        11.1636        -0.0902
     75.4295        11.1657        -0.0902
     75.2211        11.1760        -0.0902
     75.0280        11.1850        -0.0902
     74.8428        11.1962        -0.0902
     74.6636        11.2121        -0.0902
     74.4900        11.2309        -0.0902
     74.3203        11.2528        -0.0902
     74.1567        11.2792        -0.0902
     73.9983        11.3060        -0.0902
     73.8447        11.3378        -0.0902
     73.6998        11.3652        -0.0902
     73.5590        11.3973        -0.0902
     73.4216        11.4293        -0.0902
     73.2909        11.4633        -0.0902
     73.1585        11.4991        -0.0902
     73.0376        11.5312        -0.0902
     72.9095        11.5689        -0.0902
     72.7957        11.6016        -0.0902
     72.6772        11.6376        -0.0902
     72.5670        11.6706        -0.0902
     72.4580        11.7072        -0.0902
     72.3522        11.7419        -0.0902
     72.2499        11.7783        -0.0902
     72.1493        11.8134        -0.0902
     72.0504        11.8495        -0.0902
     71.9539        11.8844        -0.0902
     71.8590        11.9215        -0.0902
     71.7645        11.9578        -0.0902
     71.6709        11.9955        -0.0902
     71.5806        12.0313        -0.0902
     71.4901        12.0687        -0.0902
     71.4007        12.1059        -0.0902
     71.3122        12.1437        -0.0902
     71.2261        12.1804        -0.0902
     71.1391        12.2187        -0.0902
     71.0546        12.2555        -0.0902
     70.9663        12.2960        -0.0902
     70.8806        12.3364        -0.0902
     70.7957        12.3761        -0.0902
     70.7109        12.4171        -0.0902
     70.6285        12.4562        -0.0902
     70.5438        12.4975        -0.0902
     70.4629        12.5356        -0.0902
     70.3829        12.5750        -0.0902
     70.3039        12.6129        -0.0902
     70.2253        12.6517        -0.0902
     70.1486        12.6885        -0.0902
     70.0730        12.7266        -0.0902
     69.9984        12.7621        -0.0902
     69.9233        12.8003        -0.0902
     69.8535        12.8332        -0.0902
     69.7861        12.8663        -0.0902
     69.7207        12.8967        -0.0902
     69.6532        12.9314        -0.0902
     69.5861        12.9644        -0.0902
     69.5203        12.9987        -0.0902
     69.4561        13.0304        -0.0902
     69.3931        13.0634        -0.0902
     69.3310        13.0947        -0.0902
     69.2676        13.1296        -0.0902
     69.2108        13.1591        -0.0902
     69.1519        13.1922        -0.0902
     69.0993        13.2190        -0.0902
     69.0452        13.2488        -0.0902
     68.9953        13.2735        -0.0902
     68.9440        13.3022        -0.0902
     68.8941        13.3281        -0.0902
     68.8409        13.3582        -0.0902
     68.7912        13.3867        -0.0902
     68.7396        13.4166        -0.0902
     68.6931        13.4430        -0.0902
     68.6432        13.4725        -0.0902
     68.6012        13.4966        -0.0902
     68.5543        13.5243        -0.0902
     68.5115        13.5496        -0.0902
     68.4704        13.5737        -0.0902
     68.4286        13.5987        -0.0902
     68.3853        13.6265        -0.0902
     68.3487        13.6476        -0.0902
     68.3084        13.6736        -0.0902
     68.2767        13.6914        -0.0902
     68.2386        13.7150        -0.0902
     68.2080        13.7327        -0.0902
     68.1732        13.7541        -0.0902
     68.1441        13.7718        -0.0902
     68.1118        13.7920        -0.0902
     68.0865        13.8066        -0.0902
     68.0560        13.8266        -0.0902
     68.0305        13.8418        -0.0902
     67.9996        13.8617        -0.0902
     67.9747        13.8767        -0.5326
    149.3401        13.8950        -0.5326
    142.7527        13.7976        -0.5326
    136.4864        13.7317        -0.5326
    130.5498        13.6811        -0.5326
    124.9280        13.6417        -0.5326
    119.5597        13.6089        -0.5326
    114.4130        13.5798        -0.5326
    109.5429        13.5521        -0.5326
    104.9547        13.5273        -0.5326
    100.5962        13.5035        -0.5326
     96.4530        13.4773        -0.5326
     92.5301        13.4525        -0.5326
     88.8498        13.4256        -0.5326
     85.4320        13.4025        -0.5326
     82.2157        13.3757        -0.5326
     79.1857        13.3430        -0.5326
     76.3440        13.3079        -0.5326
     73.7170        13.2674        -0.5326
     71.2578        13.2237        -0.5326
     68.9421        13.1697        -0.5326
     66.7545        13.1201        -0.5326
     64.6990        13.0646        -0.5326
     62.7394        13.0149        -0.5326
     60.9239        12.9521        -0.5326
     59.2086        12.8928        -0.5326
     57.6147        12.8325        -0.5326
     56.1306        12.7590        -0.5326
     54.7167        12.6993        -0.5326
     53.3902        12.6383        -0.5326
     52.1242        12.5871        -0.5326
     50.9527        12.5241        -0.5326
     49.8459        12.4699        -0.5326
     48.7874        12.4070        -0.5326
     47.7178        12.3549        -0.5326
     46.7077        12.3018        -0.5326
     45.7479        12.2568        -0.5326
     44.8321        12.2068        -0.5326
     43.9511        12.1668        -0.5326
     43.1217        12.1196        -0.5326
     42.3268        12.0739        -0.5326
     41.5696        12.0298        -0.5326
     40.8604        11.9851        -0.5326
     40.1703        11.9426        -0.5326
     39.5138        11.9029        -0.5326
     38.8626        11.8565        -0.5326
     38.2243        11.8162        -0.5326
     37.6094        11.7657        -0.5326
     36.9953        11.7309        -0.5326
     36.4203        11.6860        -0.5326
     35.8572        11.6531        -0.5326
     35.3177        11.6115        -0.5326
     34.7842        11.5792        -0.5326
     34.2792        11.5397        -0.5326
     33.7640        11.5116        -0.5326
     33.2777        11.4722        -0.5326
     32.7796        11.4407        -0.5326
     32.3208        11.3979        -0.5326
     31.8763        11.3625        -0.5326
     31.4514        11.3229        -0.5326
     31.0520        11.2926        -0.5326
     30.6782        11.2490        -0.5326
     30.3138        11.2214        -0.5326
     29.9741        11.1841        -0.5326
     29.6450        11.1565        -0.5326
     29.3365        11.1244        -0.5326
     29.0332        11.0983        -0.5326
     28.7533        11.0635        -0.5326
     28.4823        11.0428        -0.5326
     28.2373        11.0120        -0.5326
     28.0025        10.9900        -0.5326
     27.7896        10.9588        -0.5326
     27.5887        10.9345        -0.5326
     27.4041        10.9053        -0.5326
     27.2336        10.8826        -0.5326
     27.0703        10.8558        -0.5326
     26.9181        10.8379        -0.5326
     26.7743        10.8140        -0.5326
     26.6361        10.8020        -0.5326
     26.5182        10.7764        -0.5326
     26.3997        10.7664        -0.5326
     26.3046        10.7410        -0.5326
     26.2091        10.7302        -0.5326
     26.1363        10.7034        -0.5326
     26.0483        10.6959        -0.5326
     25.9851        10.6738        -0.5326
     25.9097        10.6676        -0.5326
     25.8587        10.6424        -0.5326
     25.7969        10.6332        -0.5326
     25.7539        10.6083        -0.5326
     25.6964        10.5994        -0.5326
     25.6603        10.5774        -0.5326
     25.6056        10.5727        -0.5326
     25.5719        10.5519        -0.5326
     25.5154        10.5487        -0.5326
     25.4809        10.5295        -0.5326
     25.4331        10.5243        -0.5326
     25.4003        10.5078        -0.5326
     25.3612        10.5018        -0.5326
     25.3384        10.4848        -0.5326
     25.2997        10.4816        -0.1135
     60.3223        10.4631        -0.1135
     59.3764        10.5224        -0.1135
     58.4642        10.6159        -0.1135
     57.5897        10.7260        -0.1135
     56.7493        10.8494        -0.1135
     55.9530        10.9794        -0.1135
     55.2080        11.1111        -0.1135
     54.5079        11.2452        -0.1135
     53.8589        11.3724        -0.1135
     53.2390        11.5041        -0.1135
     52.6557        11.6332        -0.1135
     52.1021        11.7621        -0.1135
     51.5894        11.8824        -0.1135
     51.0998        12.0031        -0.1135
     50.6265        12.1269        -0.1135
     50.1792        12.2474        -0.1135
     49.7581        12.3634        -0.1135
     49.3478        12.4832        -0.1135
     48.9667        12.6020        -0.1135
     48.6012        12.7134        -0.1135
     48.2718        12.8132        -0.1135
     47.9489        12.9140        -0.1135
     47.6416        13.0167        -0.1135
     47.3448        13.1095        -0.1135
     47.0621        13.2055        -0.1135
     46.7936        13.2940        -0.1135
     46.5376        13.3872        -0.1135
     46.2949        13.4697        -0.1135
     46.0566        13.5591        -0.1135
     45.8330        13.6414        -0.1135
     45.6122        13.7312        -0.1135
     45.4101        13.8032        -0.1135
     45.2102        13.8845        -0.1135
     45.0213        13.9553        -0.1135
     44.8298        14.0369        -0.1135
     44.6653        14.0990        -0.1135
     44.4872        14.1720        -0.1135
     44.3212        14.2342        -0.1135
     44.1590        14.3090        -0.1135
     44.0023        14.3631        -0.1135
     43.8591        14.4296        -0.1135
     43.7184        14.4814        -0.1135
     43.5857        14.5409        -0.1135
     43.4462        14.5967        -0.1135
     43.3207        14.6468        -0.1135
     43.2065        14.6969        -0.1135
     43.0896        14.7435        -0.1135
     42.9822        14.7906        -0.1135
     42.8857        14.8369        -0.1135
     42.7762        14.8783        -0.1135
     42.6773        14.9162        -0.1135
     42.5857        14.9577        -0.1135
     42.4908        14.9976        -0.1135
     42.4002        15.0408        -0.1135
     42.3133        15.0783        -0.1135
     42.2272        15.1206        -0.1135
     42.1525        15.1543        -0.1135
     42.0780        15.1918        -0.1135
     42.0179        15.2153        -0.1135
     41.9606        15.2363        -0.1135
     41.9054        15.2589        -0.1135
     41.8599        15.2845        -0.1135
     41.7985        15.3038        -0.1135
     41.7612        15.3210        -0.1135
     41.7091        15.3451        -0.1135
     41.6523        15.3656        -0.1135
     41.6101        15.3811        -0.1135
     41.5711        15.3945        -0.1135
     41.5308        15.4104        -0.1135
     41.5040        15.4239        -0.1135
     41.4628        15.4426        -0.1135
     41.4255        15.4598        -0.1135
     41.3738        15.4834        -0.1135
     41.3442        15.4952        -0.1135
     41.3073        15.5158        -0.1135
     41.2978        15.5189        -0.1135
     41.2661        15.5374        -0.1135
     41.2444        15.5438        -0.1135
     41.2124        15.5661        -0.1135
     41.1869        15.5663        -0.1135
     41.1591        15.5848        -0.1135
     41.1613        15.5814        -0.1135
     41.1313        15.6017        -0.1135
     41.1080        15.6031        -0.1135
     41.0823        15.6192        -0.1135
     41.0711        15.6238        -0.1135
     41.0584        15.6360        -0.1135
     41.0445        15.6425        -0.1135
     41.0259        15.6511        -0.1135
     41.0088        15.6501        -0.1135
     40.9865        15.6657        -0.1135
     40.9947        15.6600        -0.1135
     40.9653        15.6709        -0.1135
     40.9687        15.6692        -0.1135
     40.9414        15.6803        -0.1135
     40.9453        15.6797        -0.1135
     40.9181        15.6891        -0.1135
     40.9283        15.6852        -0.1135
     40.8981        15.6984        -0.1135
     40.9107        15.6922        -0.4032
     75.6921        15.7071        -0.4032
     71.8141        15.4934        -0.4032
     68.2219        15.3147        -0.4032
     64.8858        15.1595        -0.4032
     61.7621        15.0179        -0.4032
     58.8344        14.8882        -0.4032
     56.0735        14.7630        -0.4032
     53.4859        14.6469        -0.4032
     51.0546        14.5338        -0.4032
     48.7663        14.4235        -0.4032
     46.6041        14.3280        -0.4032
     44.6080        14.2193        -0.4032
     42.6952        14.1340        -0.4032
     40.9389        14.0375        -0.4032
     39.2723        13.9558        -0.4032
     37.7294        13.8665        -0.4032
     36.2785        13.7869        -0.4032
     34.9124        13.7067        -0.4032
     33.6464        13.6266        -0.4032
     32.4781        13.5549        -0.4032
     31.4007        13.4752        -0.4032
     30.3900        13.4081        -0.4032
     29.4599        13.3357        -0.4032
     28.5965        13.2612        -0.4032
     27.7854        13.1950        -0.4032
     27.0317        13.1275        -0.4032
     26.3205        13.0593        -0.4032
     25.6542        12.9980        -0.4032
     25.0683        12.9272        -0.4032
     24.5260        12.8688        -0.4032
     24.0124        12.8060        -0.4032
     23.5487        12.7454        -0.4032
     23.1566        12.6845        -0.4032
     22.7658        12.6292        -0.4032
     22.4176        12.5729        -0.4032
     22.1041        12.5162        -0.4032
     21.8071        12.4629        -0.4032
     21.5561        12.4228        -0.4032
     21.2990        12.3690        -0.4032
     21.0774        12.3407        -0.4032
     20.8700        12.2813        -0.4032
     20.6809        12.2500        -0.4032
     20.5012        12.2101        -0.4032
     20.3522        12.1773        -0.4032
     20.2068        12.1349        -0.4032
     20.0881        12.1052        -0.4032
     19.9456        12.0645        -0.4032
     19.8431        12.0409        -0.4032
     19.7296        11.9989        -0.4032
     19.6499        11.9775        -0.4032
     19.5664        11.9370        -0.4032
     19.4827        11.9190        -0.4032
     19.3888        11.8899        -0.4032
     19.3178        11.8749        -0.4032
     19.2330        11.8413        -0.4032
     19.1688        11.8306        -0.4032
     19.1122        11.7980        -0.4032
     19.0458        11.7903        -0.4032
     18.9776        11.7657        -0.4032
     18.9082        11.7617        -0.4032
     18.8459        11.7404        -0.4032
     18.7924        11.7375        -0.4032
     18.7341        11.7126        -0.4032
     18.6882        11.7080        -0.4032
     18.6408        11.6845        -0.4032
     18.6132        11.6845        -0.4032
     18.5751        11.6561        -0.4032
     18.5720        11.6582        -0.4032
     18.5440        11.6380        -0.4032
     18.5633        11.6410        -0.4032
     18.5344        11.6278        -0.4032
     18.5533        11.6310        -0.4032
     18.5313        11.6181        -0.4032
     18.5494        11.6192        -0.4032
     18.5262        11.6100        -0.4032
     18.5430        11.6107        -0.4032
     18.5210        11.6031        -0.4032
     18.5376        11.6018        -0.4032
     18.5186        11.5964        -0.4032
     18.5338        11.5938        -0.4032
     18.5200        11.5873        -0.4032
     18.5337        11.5878        -0.4032
     18.5169        11.5810        -0.4032
     18.5313        11.5833        -0.4032
     18.5157        11.5761        -0.4032
     18.5365        11.5732        -0.4032
     18.5196        11.5718        -0.4032
     18.5324        11.5731        -0.4032
     18.5211        11.5663        -0.4032
     18.5253        11.5736        -0.4032
     18.5172        11.5644        -0.4032
     18.5211        11.5697        -0.4032
     18.5156        11.5644        -0.4032
     18.5160        11.5715        -0.4032
     18.5141        11.5639        -0.4032
     18.5172        11.5703        -0.4032
     18.5143        11.5639        -0.4032
     18.5127        11.5702        -0.4032
     18.5086        11.5658        -0.4032
     18.5056        11.5730        -0.1335
     61.5865        11.5664        -0.1335
     60.3867        11.6690        -0.1335
     59.2448        11.8066        -0.1335
     58.1801        11.9604        -0.1335
     57.1713        12.1249        -0.1335
     56.2157        12.2946        -0.1335
     55.3162        12.4608        -0.1335
     54.4544        12.6300        -0.1335
     53.6286        12.8035        -0.1335
     52.8432        12.9710        -0.1335
     52.0863        13.1352        -0.1335
     51.3773        13.2901        -0.1335
     50.7047        13.4438        -0.1335
     50.0560        13.5943        -0.1335
     49.4463        13.7353        -0.1335
     48.8509        13.8758        -0.1335
     48.2875        14.0097        -0.1335
     47.7265        14.1507        -0.1335
     47.1805        14.2908        -0.1335
     46.6437        14.4299        -0.1335
     46.1341        14.5545        -0.1335
     45.6078        14.6909        -0.1335
     45.1126        14.8137        -0.1335
     44.6161        14.9432        -0.1335
     44.1422        15.0700        -0.1335
     43.6738        15.1922        -0.1335
     43.2295        15.3153        -0.1335
     42.7889        15.4333        -0.1335
     42.3708        15.5473        -0.1335
     41.9507        15.6609        -0.1335
     41.5472        15.7760        -0.1335
     41.1608        15.8846        -0.1335
     40.7863        15.9925        -0.1335
     40.4263        16.0951        -0.1335
     40.0753        16.1952        -0.1335
     39.7295        16.2968        -0.1335
     39.4100        16.3863        -0.1335
     39.0828        16.4896        -0.1335
     38.7790        16.5787        -0.1335
     38.4752        16.6725        -0.1335
     38.1965        16.7536        -0.1335
     37.9092        16.8489        -0.1335
     37.6540        16.9289        -0.1335
     37.3980        17.0148        -0.1335
     37.1698        17.0875        -0.1335
     36.9438        17.1608        -0.1335
     36.7313        17.2319        -0.1335
     36.5355        17.2940        -0.1335
     36.3474        17.3486        -0.1335
     36.1575        17.4175        -0.1335
     35.9830        17.4664        -0.1335
     35.8113        17.5227        -0.1335
     35.6469        17.5711        -0.1335
     35.4854        17.6291        -0.1335
     35.3369        17.6711        -0.1335
     35.1766        17.7374        -0.1335
     35.0416        17.7725        -0.1335
     34.8997        17.8297        -0.1335
     34.7774        17.8635        -0.1335
     34.6505        17.9125        -0.1335
     34.5447        17.9395        -0.1335
     34.4321        17.9813        -0.1335
     34.3374        18.0054        -0.1335
     34.2234        18.0532        -0.1335
     34.1431        18.0685        -0.1335
     34.0383        18.1133        -0.1335
     33.9681        18.1239        -0.1335
     33.8770        18.1621        -0.1335
     33.8114        18.1760        -0.1335
     33.7276        18.2119        -0.1335
     33.6686        18.2291        -0.1335
     33.5940        18.2550        -0.1335
     33.5404        18.2688        -0.1335
     33.4657        18.2976        -0.1335
     33.4156        18.3093        -0.1335
     33.3482        18.3370        -0.1335
     33.3040        18.3452        -0.1335
     33.2378        18.3728        -0.1335
     33.2008        18.3770        -0.1335
     33.1411        18.3965        -0.1335
     33.0980        18.4047        -0.1335
     33.0438        18.4232        -0.1335
     33.0086        18.4268        -0.1335
     32.9634        18.4421        -0.1335
     32.9226        18.4515        -0.1335
     32.8798        18.4633        -0.1335
     32.8491        18.4702        -0.1335
     32.8092        18.4794        -0.1335
     32.7737        18.4928        -0.1335
     32.7392        18.5020        -0.1335
     32.7084        18.5102        -0.1335
     32.6807        18.5162        -0.1335
     32.6586        18.5216        -0.1335
     32.6294        18.5322        -0.1335
     32.6027        18.5388        -0.1335
     32.5812        18.5464        -0.1335
     32.5564        18.5564        -0.1335
     32.5335        18.5657        -0.1335
     32.5190        18.5664        -0.1335
     32.4913        18.5785        -0.9793
    568.4014        18.5825        -0.9793
